0 0.87578125 0.309375 0.0953125 0.23125
0 0.828125 0.46145833333333336 0.10625 0.15625
0 0.86171875 0.46875 0.2109375 0.13333333333333333
0 0.890625 0.49583333333333335 0.11875 0.14166666666666666
0 0.871875 0.4635416666666667 0.1 0.09375
0 0.88125 0.471875 0.075 0.10625
0 0.86875 0.4375 0.10625 0.14583333333333334
0 0.878125 0.453125 0.1 0.13541666666666666
0 0.88125 0.44895833333333335 0.090625 0.11875
0 0.88125 0.45729166666666665 0.08125 0.12291666666666666
0 0.884375 0.459375 0.0875 0.11458333333333333