71 0.25524861878453037 0.547239263803681 0.03953959484346224 0.06717791411042945
71 0.7446961325966851 0.155920245398773 0.07335174953959483 0.1537269938650307
71 0.5074125230202577 0.48952453987730066 0.05310313075506446 0.08776073619631902
71 0.4561602209944751 0.5044018404907975 0.04840699815837937 0.07825153374233129
71 0.44806629834254147 0.5520398773006135 0.031362799263351754 0.04992331288343558
71 0.7197697974217311 0.5489723926380368 0.03802025782688766 0.06799079754601227
52 0.821353591160221 0.4448006134969325 0.10117863720073664 0.16771472392638037
52 0.6135911602209945 0.6129754601226994 0.06232965009208103 0.11391104294478527
66 0.8211694290976058 0.613021472392638 0.07083793738489871 0.15125766871165644
32 0.8266666666666667 0.2002914110429448 0.10293738489871088 0.329079754601227
32 0.017642725598526705 0.5768711656441717 0.03527624309392265 0.12440184049079754
32 0.6150276243093922 0.467101226993865 0.06159300184162063 0.15627300613496933
57 0.741804788213628 0.31236196319018406 0.07708103130755063 0.1482361963190184