61 0.09665745856353591 0.389079754601227 0.0340147329650092 0.13707055214723926
61 0.1489134438305709 0.32351226993865034 0.060248618784530396 0.10559815950920244
61 0.2848342541436464 0.40173312883435586 0.05355432780847145 0.12403374233128835
61 0.6701657458563536 0.2855521472392638 0.041519337016574585 0.1907208588957055
66 0.43837016574585635 0.4456441717791411 0.022679558011049723 0.03929447852760736
66 0.06627992633517496 0.46519938650306747 0.01929097605893186 0.040061349693251536
71 0.738756906077348 0.3261963190184049 0.040589318600368324 0.08489263803680981
71 0.13164825046040515 0.40421779141104297 0.03412523020257827 0.05889570552147239
32 0.9474125230202579 0.38506134969325156 0.059659300184162066 0.19420245398773006
52 0.9439594843462248 0.5303987730061349 0.0573572744014733 0.09377300613496932
55 0.5603314917127071 0.44633435582822084 0.027421731123388582 0.0472239263803681