52 0.7286324110671937 0.5457368421052632 0.03645059288537549 0.07743421052631579
52 0.4714308300395257 0.595578947368421 0.03039525691699605 0.051250000000000004
71 0.30443478260869566 0.10332894736842105 0.11629249011857709 0.2065
71 0.6601264822134387 0.4143552631578948 0.036466403162055336 0.07344736842105264
71 0.9546877470355731 0.25267105263157896 0.07430830039525692 0.12385526315789473
71 0.31444268774703554 0.5266973684210526 0.022956521739130435 0.04028947368421053
71 0.34640316205533594 0.5477631578947368 0.018964426877470353 0.03323684210526316
71 0.2494782608695652 0.5286447368421052 0.021675889328063244 0.03685526315789474
71 0.16418181818181818 0.5391710526315789 0.0161501976284585 0.028342105263157894
71 0.11169169960474308 0.5424210526315789 0.01837154150197628 0.030223684210526316
61 0.06545454545454545 0.3369473684210526 0.04440316205533597 0.07330263157894737
65 0.9496284584980237 0.38151315789473683 0.07462450592885377 0.12006578947368421
66 0.07060869565217391 0.41278947368421054 0.01456126482213439 0.06657894736842106
66 0.7270592885375494 0.6167894736842106 0.029944664031620556 0.07871052631578948
32 0.47123320158102766 0.514328947368421 0.035715415019762844 0.11149999999999999
32 0.7310118577075099 0.4373684210526316 0.04838735177865613 0.1480657894736842
34 0.6847667984189724 0.5512105263157895 0.03810276679841897 0.10898684210526316
57 0.6303715415019763 0.47814473684210523 0.03914624505928854 0.06440789473684211