69 0.4448695652173913 0.16474999999999998 0.051501976284584985 0.0836578947368421
69 0.37069565217391304 0.18073684210526317 0.03541501976284585 0.06401315789473684
69 0.3279604743083004 0.22694736842105262 0.0224901185770751 0.04951315789473684
69 0.31048221343873517 0.22698684210526315 0.0210197628458498 0.044039473684210524
69 0.29129644268774707 0.27101315789473684 0.014656126482213438 0.037394736842105265
57 0.5009881422924901 0.1412763157894737 0.06046640316205533 0.09989473684210527
57 0.34737549407114626 0.21564473684210525 0.027557312252964428 0.05321052631578947
71 0.9086482213438736 0.18938157894736843 0.15211857707509882 0.2533947368421053
71 0.5628616600790514 0.06311842105263157 0.07681422924901186 0.1260921052631579
17 0.40311462450592883 0.23798684210526316 0.03438735177865613 0.06097368421052632
39 0.5612332015810277 0.19176315789473686 0.0713201581027668 0.12418421052631579
39 0.3676758893280633 0.24185526315789474 0.030727272727272725 0.05981578947368421
39 0.3136442687747035 0.26959210526315786 0.025778656126482214 0.04421052631578948