34 0.08606531881804044 0.4069682151589242 0.016010886469673406 0.1300488997555012
31 0.14972006220839812 0.38437652811735945 0.0217651632970451 0.08378973105134475
31 0.25576982892690514 0.36053789731051344 0.017348367029548988 0.06921760391198044
31 0.36272161741835146 0.32662591687041564 0.01390357698289269 0.05841075794621027
31 0.4678849144634526 0.3067481662591687 0.013063763608087092 0.052029339853300736
31 0.4009642301710731 0.28207823960880196 0.00484447900466563 0.03178484107579462
31 0.298950233281493 0.2851833740831296 0.0051866251944012445 0.028337408312958435
31 0.2088724727838258 0.2898288508557457 0.005552099533437014 0.027530562347188262
31 0.13724727838258166 0.2923716381418093 0.0062986003110419905 0.025623471882640587
31 0.05636858475894245 0.29603911980440095 0.006547433903576982 0.025232273838630807
31 0.8453110419906686 0.24442542787286065 0.008530326594090202 0.04332518337408313
31 0.9879937791601866 0.23308068459657702 0.009183514774494557 0.04124694376528117
44 0.5715940902021773 0.3800733496332518 0.09020217729393468 0.3411491442542787
31 0.7373872472783826 0.25990220048899754 0.010497667185069984 0.045378973105134474