44 0.5567062818336163 0.4017490494296578 0.0866723259762309 0.23285171102661598
31 0.1595246179966044 0.40155893536121673 0.02203735144312394 0.055399239543726234
31 0.2579966044142615 0.38775665399239545 0.01529711375212224 0.049277566539923955
31 0.35782682512733444 0.3647908745247148 0.013820033955857387 0.04064638783269962
31 0.4575042444821732 0.3516349809885932 0.012750424448217317 0.0361977186311787
31 0.29808149405772494 0.33661596958174905 0.006281833616298812 0.01931558935361217
31 0.21400679117147708 0.33992395437262357 0.0056536502546689306 0.021102661596958176
31 0.14926994906621394 0.3420152091254753 0.0069100169779286935 0.022509505703422052
31 0.716723259762309 0.32228136882129277 0.011001697792869271 0.030760456273764256
31 0.8226825127334465 0.31045627376425855 0.009660441426146011 0.030076045627376428
31 0.96446519524618 0.3051330798479088 0.00830220713073005 0.031596958174904946
34 0.10196943972835315 0.4173384030418251 0.014957555178268252 0.08745247148288973